N = 19;
K = 2;
Distance=[|0,114,62,70,30,139,114,36,99,96,130,163,107,82,66,84,144,104,107,63
|114,0,104,50,133,61,76,109,22,136,16,55,32,125,145,45,60,78,82,122
|62,104,0,55,53,99,64,27,83,40,118,136,80,25,44,59,106,53,54,18
|70,50,55,0,84,71,56,59,31,91,66,93,36,79,95,14,75,51,55,73
|30,133,53,84,0,146,114,29,115,77,148,176,118,65,38,95,152,104,105,45
|139,61,99,71,146,0,39,117,53,114,60,45,38,109,142,57,7,48,50,116
|114,76,64,56,114,39,0,86,58,75,83,82,43,71,105,45,46,10,11,79
|36,109,27,59,29,117,86,0,89,61,124,149,91,46,40,68,123,75,77,28
|99,22,83,31,115,53,58,89,0,114,35,64,16,103,125,23,55,58,62,101
|96,136,40,91,77,114,75,61,114,0,148,157,107,15,46,91,122,67,64,33
|130,16,118,66,148,60,83,124,35,148,0,43,41,138,160,59,57,87,91,136
|163,55,136,93,176,45,82,149,64,157,43,0,58,150,179,81,38,90,93,154
|107,32,80,36,118,38,43,91,16,107,41,58,0,98,123,24,40,46,50,98
|82,125,25,79,65,109,71,46,103,15,138,150,98,0,38,80,116,61,59,19
|66,145,44,95,38,142,105,40,125,46,160,179,123,38,0,102,149,95,94,26
|84,45,59,14,95,57,45,68,23,91,59,81,24,80,102,0,61,41,46,77
|144,60,106,75,152,7,46,123,55,122,57,38,40,116,149,61,0,55,57,123
|104,78,53,51,104,48,10,75,58,67,87,90,46,61,95,41,55,0,5,69
|107,82,54,55,105,50,11,77,62,64,91,93,50,59,94,46,57,5,0,68
|63,122,18,73,45,116,79,28,101,33,136,154,98,19,26,77,123,69,68,0|];