N = 24;
K = 2;
Distance=[|0,114,62,144,104,107,63,94,110,60,53,56,86,84,65,67,20,120,142,76,91,35,59,145,80
|114,0,104,60,78,82,122,105,146,118,125,91,156,160,52,48,132,22,63,72,31,91,56,33,97
|62,104,0,106,53,54,18,33,54,15,25,14,52,56,57,73,64,98,101,34,73,34,58,126,21
|144,60,106,0,55,57,123,88,127,120,131,99,152,158,82,90,157,38,6,74,58,112,89,47,88
|104,78,53,55,0,5,69,33,74,67,78,51,96,102,58,74,113,62,50,29,52,70,64,88,34
|107,82,54,57,5,0,68,31,71,67,79,52,95,101,62,78,114,66,52,32,56,72,68,91,33
|63,122,18,123,69,68,0,42,46,4,13,31,34,38,74,88,59,116,118,52,91,43,74,144,35
|94,105,33,88,33,31,42,0,41,42,54,40,64,71,70,88,97,93,83,36,76,63,75,119,15
|110,146,54,127,74,71,46,41,0,50,58,67,41,49,107,124,104,134,121,75,116,87,110,161,50
|60,118,15,120,67,67,4,42,50,0,12,27,39,42,69,84,57,113,116,49,87,39,70,141,33
|53,125,25,131,78,79,13,54,58,12,0,34,36,37,74,87,47,121,126,58,95,39,73,149,45
|56,91,14,99,51,52,31,40,67,27,34,0,65,68,43,58,62,87,95,25,61,23,44,115,25
|86,156,52,152,96,95,34,64,41,39,36,65,0,8,108,122,75,149,146,85,125,76,108,177,64
|84,160,56,158,102,101,38,71,49,42,37,68,8,0,111,124,71,154,152,89,129,77,110,182,69
|65,52,57,82,58,62,74,70,107,69,74,43,108,111,0,18,82,55,80,35,26,39,7,81,57
|67,48,73,90,74,78,88,88,124,84,87,58,122,124,18,0,86,58,89,52,32,49,14,80,75
|20,132,64,157,113,114,59,97,104,57,47,62,75,71,82,86,0,137,154,86,107,46,77,163,84
|120,22,98,38,62,66,116,93,134,113,121,87,149,154,55,58,137,0,41,65,29,92,61,28,87
|142,63,101,6,50,52,118,83,121,116,126,95,146,152,80,89,154,41,0,70,58,109,87,52,83
|76,72,34,74,29,32,52,36,75,49,58,25,85,89,35,52,86,65,70,0,42,41,40,92,25
|91,31,73,58,52,56,91,76,116,87,95,61,125,129,26,32,107,29,58,42,0,63,32,56,66
|35,91,34,112,70,72,43,63,87,39,39,23,76,77,39,49,46,92,109,41,63,0,36,119,48
|59,56,58,89,64,68,74,75,110,70,73,44,108,110,7,14,77,61,87,40,32,36,0,86,61
|145,33,126,47,88,91,144,119,161,141,149,115,177,182,81,80,163,28,52,92,56,119,86,0,114
|80,97,21,88,34,33,35,15,50,33,45,25,64,69,57,75,84,87,83,25,66,48,61,114,0|];