N = 29;
K = 2;
Distance=[|0,104,50,50,88,79,93,134,113,56,60,36,64,155,145,123,12,178,125,95,108,53,110,41,110,120,45,116,91,25
|104,0,55,90,64,36,11,61,43,67,135,69,49,58,67,49,92,76,21,34,13,81,40,145,22,46,148,12,14,81
|50,55,0,42,49,30,44,87,65,42,95,23,33,105,97,86,40,131,76,46,58,35,62,91,59,72,95,68,43,26
|50,90,42,0,46,55,80,98,80,79,110,54,74,127,108,127,49,166,109,66,88,10,78,77,86,87,84,102,81,34
|88,64,49,46,0,31,57,52,37,90,142,72,76,85,63,111,82,133,76,31,56,38,36,121,50,43,128,72,61,64
|79,36,30,55,31,0,27,58,35,63,124,52,47,76,68,80,70,111,54,16,33,46,32,118,32,42,123,47,30,54
|93,11,44,80,57,27,0,64,43,58,126,59,40,67,71,53,81,87,32,30,19,71,40,134,25,48,137,24,5,70
|134,61,87,98,52,58,64,0,22,119,181,109,101,39,11,107,126,100,57,42,48,89,26,171,39,16,177,60,69,109
|113,43,65,80,37,35,43,22,0,96,159,87,79,47,32,91,105,98,46,20,30,71,4,151,21,7,157,45,48,88
|56,67,42,79,90,63,58,119,96,0,68,25,18,125,127,70,44,131,87,77,77,74,93,93,83,102,94,78,54,47
|60,135,95,110,142,124,126,181,159,68,0,72,86,193,191,133,61,197,156,140,144,111,156,65,149,166,59,146,122,79
|36,69,23,54,72,52,59,109,87,25,72,0,27,124,119,87,24,142,91,68,76,50,84,77,79,94,80,81,56,22
|64,49,33,74,76,47,40,101,79,18,86,27,0,107,109,60,51,116,70,60,59,68,75,104,65,85,106,60,36,48
|155,58,105,127,85,76,67,39,47,125,193,124,107,0,34,90,145,64,41,62,49,118,49,195,45,42,200,49,71,130
|145,67,97,108,63,68,71,11,32,127,191,119,109,34,0,110,137,97,59,52,54,100,36,182,46,25,188,64,76,120
|123,49,86,127,111,80,53,107,91,70,133,87,60,90,110,0,111,66,51,82,61,119,88,163,70,93,164,47,50,107
|12,92,40,49,82,70,81,126,105,44,61,24,51,145,137,111,0,166,114,86,97,50,101,53,99,111,56,105,79,18
|178,76,131,166,133,111,87,100,98,131,197,142,116,64,97,66,166,0,58,103,78,157,98,219,83,96,221,65,88,157
|125,21,76,109,76,54,32,57,46,87,156,91,70,41,59,51,114,58,0,46,21,99,44,166,27,46,170,9,35,102
|95,34,46,66,31,16,30,42,20,77,140,68,60,62,52,82,86,103,46,0,25,57,16,133,20,26,139,41,34,70
|108,13,58,88,56,33,19,48,30,77,144,76,59,49,54,61,97,78,21,25,0,79,27,149,9,33,153,16,23,84
|53,81,35,10,38,46,71,89,71,74,111,50,68,118,100,119,50,157,99,57,79,0,69,84,76,78,91,92,72,33
|110,40,62,78,36,32,40,26,4,93,156,84,75,49,36,88,101,98,44,16,27,69,0,148,19,10,154,43,45,85
|41,145,91,77,121,118,134,171,151,93,65,77,104,195,182,163,53,219,166,133,149,84,148,0,150,158,9,157,132,65
|110,22,59,86,50,32,25,39,21,83,149,79,65,45,46,70,99,83,27,20,9,76,19,150,0,24,154,24,30,85
|120,46,72,87,43,42,48,16,7,102,166,94,85,42,25,93,111,96,46,26,33,78,10,158,24,0,164,47,53,95
|45,148,95,84,128,123,137,177,157,94,59,80,106,200,188,164,56,221,170,139,153,91,154,9,154,164,0,161,135,69
|116,12,68,102,72,47,24,60,45,78,146,81,60,49,64,47,105,65,9,41,16,92,43,157,24,47,161,0,26,94
|91,14,43,81,61,30,5,69,48,54,122,56,36,71,76,50,79,88,35,34,23,72,45,132,30,53,135,26,0,69
|25,81,26,34,64,54,70,109,88,47,79,22,48,130,120,107,18,157,102,70,84,33,85,65,85,95,69,94,69,0|];